rot:
  max: 177.96621751157173
  mean: 97.13574067359771
  median: 101.63051092654061
  min: 6.759193121632035
  num_samples: 17
  rmse: 111.2121231334656
  std: 54.15518641501189
scale:
  max: 1541.0887573188936
  mean: 163.45354481296508
  median: 73.52913485469598
  min: 7.457751680575875
  num_samples: 17
  rmse: 384.44079951426255
  std: 347.9621632006007
trans:
  max: 134.64470499802928
  mean: 36.36825085295755
  median: 25.404013411356647
  min: 2.038654629868671
  num_samples: 17
  rmse: 52.72607292679555
  std: 38.17576582307309
